2.0 -184.0 0.0 0.0 0.0 0.0 0.0 0.0 0.0 0.0 0.0 0.0 0.0 0.0 0.0 0.0 0.0 0.0 0.0 0.0 0.0 0.0 0.0 0.0 0.0 0.0 0.0 0.0 0.0 1341426874809480900000000000000000.0 0.0 0.0 -184.0 0.0 0.0 0.0 0.0 0.0 0.0 0.0 
2.0 -184.0 -15.0 -47.0 0.0 0.0 0.0 0.0 0.0 0.0 0.0 0.0 0.0 0.0 0.0 0.0 0.0 0.0 0.0 0.0 0.0 0.0 0.0 0.0 0.0 0.0 0.0 0.0 0.0 1341426874809480900000000000000000.0 0.0 0.0 -184.0 0.0 -47.0 0.0 0.0 0.0 0.0 0.0 
2.0 -184.0 -15.0 -47.0 -122.0 -35.0 0.0 0.0 0.0 0.0 0.0 0.0 0.0 0.0 0.0 0.0 0.0 0.0 0.0 0.0 0.0 0.0 0.0 0.0 0.0 -1.$ 0.0 0.0 0.0 1341426874809480900000000000000000.0 0.0 0.0 -184.0 0.0 -47.0 0.0 -35.0 0.0 0.0 0.0 
2.0 -184.0 -15.0 -47.0 -122.0 -66.0 0.0 0.0 0.0 0.0 0.0 0.0 0.0 0.0 0.0 0.0 0.0 0.0 0.0 0.0 0.0 0.0 0.0 0.0 0.0 0.0 0.0 0.0 0.0 1341426874809480900000000000000000.0 0.0 0.0 -184.0 0.0 -47.0 0.0 -66.0 0.0 0.0 0.0 
2.0 -184.0 -15.0 -47.0 -124.0 -33.0 0.0 0.0 0.0 0.0 0.0 0.0 0.0 0.0 0.0 0.0 0.0 0.0 0.0 0.0 0.0 0.0 0.0 0.0 0.0 0.0 0.0 0.0 0.0 1341426874809480900000000000000000.0 0.0 0.0 -184.0 0.0 -47.0 0.0 -33.0 0.0 0.0 0.0 
2.0 -184.0 0.0 0.0 0.0 0.0 0.0 0.0 0.0 0.0 0.0 0.0 0.0 0.0 0.0 0.0 0.0 0.0 0.0 0.0 0.0 0.0 0.0 0.0 0.0 0.0 0.0 0.0 0.0 1341426874809480900000000000000000.0 0.0 0.0 -184.0 0.0 0.0 0.0 0.0 0.0 0.0 0.0 
2.0 -184.0 -15.0 -47.0 0.0 0.0 0.0 0.0 0.0 0.0 0.0 0.0 0.0 0.0 0.0 0.0 0.0 0.0 0.0 0.0 0.0 0.0 0.0 0.0 0.0 0.0 0.0 0.0 0.0 1341426874809480900000000000000000.0 0.0 0.0 -184.0 0.0 -47.0 0.0 0.0 0.0 0.0 0.0 
2.0 -184.0 -15.0 -47.0 -122.0 -35.0 0.0 0.0 0.0 0.0 0.0 0.0 0.0 0.0 0.0 0.0 0.0 0.0 0.0 0.0 0.0 0.0 0.0 0.0 0.0 -1.$ 0.0 0.0 0.0 1341426874809480900000000000000000.0 0.0 0.0 -184.0 0.0 -47.0 0.0 -35.0 0.0 0.0 0.0 
2.0 -184.0 -15.0 -47.0 -122.0 -66.0 0.0 0.0 0.0 0.0 0.0 0.0 0.0 0.0 0.0 0.0 0.0 0.0 0.0 0.0 0.0 0.0 0.0 0.0 0.0 0.0 0.0 0.0 0.0 1341426874809480900000000000000000.0 0.0 0.0 -184.0 0.0 -47.0 0.0 -66.0 0.0 0.0 0.0 
2.0 -184.0 -15.0 -47.0 -124.0 -33.0 0.0 0.0 0.0 0.0 0.0 0.0 0.0 0.0 0.0 0.0 0.0 0.0 0.0 0.0 0.0 0.0 0.0 0.0 0.0 0.0 0.0 0.0 0.0 1341426874809480900000000000000000.0 0.0 0.0 -184.0 0.0 -47.0 0.0 -33.0 0.0 0.0 0.0 
2.0 -184.0 0.0 0.0 0.0 0.0 0.0 0.0 0.0 0.0 0.0 0.0 0.0 0.0 0.0 0.0 0.0 0.0 0.0 0.0 0.0 0.0 0.0 0.0 0.0 0.0 0.0 0.0 0.0 1341426874809480900000000000000000.0 0.0 0.0 -184.0 0.0 0.0 0.0 0.0 0.0 0.0 0.0 
2.0 -184.0 -15.0 -47.0 0.0 0.0 0.0 0.0 0.0 0.0 0.0 0.0 0.0 0.0 0.0 0.0 0.0 0.0 0.0 0.0 0.0 0.0 0.0 0.0 0.0 0.0 0.0 0.0 0.0 1341426874809480900000000000000000.0 0.0 0.0 -184.0 0.0 -47.0 0.0 0.0 0.0 0.0 0.0 
2.0 -184.0 -15.0 -47.0 -122.0 -35.0 0.0 0.0 0.0 0.0 0.0 0.0 0.0 0.0 0.0 0.0 0.0 0.0 0.0 0.0 0.0 0.0 0.0 0.0 0.0 -1.$ 0.0 0.0 0.0 1341426874809480900000000000000000.0 0.0 0.0 -184.0 0.0 -47.0 0.0 -35.0 0.0 0.0 0.0 
2.0 -184.0 -15.0 -47.0 -122.0 -66.0 0.0 0.0 0.0 0.0 0.0 0.0 0.0 0.0 0.0 0.0 0.0 0.0 0.0 0.0 0.0 0.0 0.0 0.0 0.0 0.0 0.0 0.0 0.0 1341426874809480900000000000000000.0 0.0 0.0 -184.0 0.0 -47.0 0.0 -66.0 0.0 0.0 0.0 
2.0 -184.0 -15.0 -47.0 -124.0 -33.0 0.0 0.0 0.0 0.0 0.0 0.0 0.0 0.0 0.0 0.0 0.0 0.0 0.0 0.0 0.0 0.0 0.0 0.0 0.0 0.0 0.0 0.0 0.0 1341426874809480900000000000000000.0 0.0 0.0 -184.0 0.0 -47.0 0.0 -33.0 0.0 0.0 0.0 
2.0 -184.0 0.0 0.0 0.0 0.0 0.0 0.0 0.0 0.0 0.0 0.0 0.0 0.0 0.0 0.0 0.0 0.0 0.0 0.0 0.0 0.0 0.0 0.0 0.0 0.0 0.0 0.0 0.0 1341426874809480900000000000000000.0 0.0 0.0 -184.0 0.0 0.0 0.0 0.0 0.0 0.0 0.0 
2.0 -184.0 -15.0 -47.0 0.0 0.0 0.0 0.0 0.0 0.0 0.0 0.0 0.0 0.0 0.0 0.0 0.0 0.0 0.0 0.0 0.0 0.0 0.0 0.0 0.0 0.0 0.0 0.0 0.0 1341426874809480900000000000000000.0 0.0 0.0 -184.0 0.0 -47.0 0.0 0.0 0.0 0.0 0.0 
2.0 -184.0 -15.0 -47.0 -122.0 -35.0 0.0 0.0 0.0 0.0 0.0 0.0 0.0 0.0 0.0 0.0 0.0 0.0 0.0 0.0 0.0 0.0 0.0 0.0 0.0 -1.$ 0.0 0.0 0.0 1341426874809480900000000000000000.0 0.0 0.0 -184.0 0.0 -47.0 0.0 -35.0 0.0 0.0 0.0 
2.0 -184.0 -15.0 -47.0 -122.0 -66.0 0.0 0.0 0.0 0.0 0.0 0.0 0.0 0.0 0.0 0.0 0.0 0.0 0.0 0.0 0.0 0.0 0.0 0.0 0.0 0.0 0.0 0.0 0.0 1341426874809480900000000000000000.0 0.0 0.0 -184.0 0.0 -47.0 0.0 -66.0 0.0 0.0 0.0 
2.0 -184.0 -15.0 -47.0 -124.0 -33.0 0.0 0.0 0.0 0.0 0.0 0.0 0.0 0.0 0.0 0.0 0.0 0.0 0.0 0.0 0.0 0.0 0.0 0.0 0.0 0.0 0.0 0.0 0.0 1341426874809480900000000000000000.0 0.0 0.0 -184.0 0.0 -47.0 0.0 -33.0 0.0 0.0 0.0 
